Resultant Matrix: 2,2
9947047195.529209	14200596809.529045	
10519836149.444487	16034405692.067020	

Resultant Matrix: 9,9
31011369938.519295	35692486797.110977	40653841394.870621	37119512263.544342	42842953929.597488	39459046936.607040	30211185997.392277	46541455110.334343	34304520492.786846	
24080248746.934837	30950047968.443741	23444667214.924980	29827064060.174530	20632508745.592812	35857950656.252678	18558586495.492565	31712132456.134750	24437891253.850525	
29950962965.743343	32449599240.077686	29768991455.971081	34601572745.962837	27019244485.234554	30997729980.889591	26253744109.200367	33139957790.751572	28919154317.116528	
38604584517.468719	31099655203.781036	38702026565.196518	33331277042.610878	30242896894.484764	31965815857.285477	30244593998.380314	41378186062.584160	31494416169.893806	
44799877528.651306	38475111809.887062	42816954148.718597	36034108397.048973	36939615796.087875	42481989740.043259	28141513831.482491	45637538469.009041	35726962203.193069	
42915661548.738022	34918647181.886810	42301124885.394119	32050763895.758816	27556040658.659706	35897802149.846085	31255102175.404564	45523916688.174591	32956486600.603008	
53905492870.175339	51372489400.079086	48444201318.987282	45643159426.459396	45019132258.069237	57555536817.766968	42863611860.124100	62418931506.332420	38718027658.148987	
32408606501.076130	24765462299.173958	28068844309.328377	31274744130.250259	31515324453.241814	38591107169.467735	36611286982.378853	38617709236.464035	26445130606.502987	
43252610838.834282	36580364590.009865	39397665773.924225	32133014599.893360	33968868111.830051	46037662535.537750	26094054088.281452	44233659640.798714	33150507348.722961	

Resultant Matrix: 13,13
13053272095.398417	17264306882.249866	14231947055.247002	21549923104.208549	20602646767.480698	18426670076.730595	27983932089.605881	17800147211.718067	14984325533.149038	15867258673.738968	13513810098.651186	27314762970.673424	20850708414.908478	
21551677112.401695	29717977905.799488	31529458000.133289	36739781615.603912	24824995731.632767	24642749708.854156	34517844956.117973	18314852289.190502	31626697734.908379	19171622263.560879	21670844635.862633	44962774491.900513	35824272188.506042	
11103138184.908142	29437725205.427963	24537025483.103905	34608671823.073013	28905579776.659592	22628912499.425858	28974711979.324978	20331371491.999935	25495619314.489311	18293817844.736534	18105296929.610416	33177545541.590210	36018061692.673592	
11444631759.254217	29182708683.968636	25473568400.804253	36828626072.494812	31608276595.672211	26074754804.779305	31559455582.514206	22693992271.256798	27150685935.645473	19449283060.468437	20362756526.240406	33618740811.053627	38414122202.037224	
21922885079.751137	29027386680.675652	30890087035.613945	41223637670.931519	31064880515.088284	33313703721.414864	40536220082.460388	23580401319.386791	33699389404.513081	23476546474.426533	25174920483.356712	46791922207.718948	41612831572.826920	
19087236852.834053	29328573112.032806	28314602748.847698	38290301831.303658	27857716631.454269	28955278300.594067	34406870392.342384	19615596733.816635	30952874199.878319	21362786524.123360	21222389133.933456	44022523633.344193	39739691816.223541	
13144357471.855825	13759394405.168259	18111476780.933071	24093518511.151962	14696268244.317745	19925402484.343025	24260434165.114223	12059389876.361712	20713620609.490795	15148122621.082817	14688334225.743080	27002933493.630920	23156108617.417580	
11483290285.681265	10625635382.838184	25860509864.492275	25792555751.628906	13306084464.651157	18762615270.740479	20350157007.534866	10735729924.850906	26583037572.155647	8503501901.412549	19985477829.013706	19615829098.702156	22925368535.163300	
11295074907.302473	23282972635.023926	14002197753.775715	23606569085.336205	22663453984.867191	18701609708.710781	21948431173.274086	14983079815.085306	15735466387.030582	14498305827.700930	11100323843.964996	30121585763.076759	27157942403.720642	
21982283958.935844	31768560979.784203	36527188862.333649	40825535777.968964	29926758175.197224	27455227076.856846	37514195338.010963	22361493818.048546	35650430034.093979	18303912882.999020	26508614029.432087	44803425585.632355	39425844924.178040	
17028705325.754055	23240050821.123615	22115696760.381672	27603435549.498699	21892199006.019321	19853542153.857185	30220619674.961941	17520096182.702034	21994552665.097790	16593336698.023245	16714954750.642019	35190623628.249023	26622353573.554287	
12362237764.700718	21909081860.105564	19642532860.215031	30930838371.065693	23306905376.911385	22407109180.046406	34603292374.796158	20494319291.329975	21889818095.612644	23595979065.993992	16289971492.935249	32305753733.570473	28857806303.360302	
20381491484.489304	28676519783.220383	35386837098.951187	44202025886.293274	32688927097.030678	34402842798.013756	40244037114.436882	24715798236.927223	37650931358.933952	21624109627.294952	28797448345.549248	43414689714.156761	43810541856.472984	

Resultant Matrix: 10,10
1349713253.503247	411646513.403467	787212015.814435	1570129812.156015	1360383846.721874	565646299.858806	242688013.167283	225536336.054324	285552204.719919	1004669968.538641	
216742170.925756	66103788.147229	126413548.095200	252137513.830174	218455696.026934	90833669.069564	38971779.150132	36217496.547638	45855076.700914	161333786.624517	
10214325547.975058	3115247988.917949	5957443022.757568	11882388360.872599	10295078191.280722	4280683646.522011	1836608158.546116	1706808133.784714	2160994694.525503	7603115773.140665	
5444083544.775085	1660380828.347894	3175228494.216074	6333136206.029555	5487123502.191032	2281540694.092943	978884822.808763	909703340.820945	1151778020.149831	4052347585.277499	
1513644836.924665	461643699.529471	882824111.128662	1760832441.485491	1525611444.120955	634347776.525530	272164074.228882	252929212.720895	320234404.770717	1126693767.542620	
2190831813.535553	668177685.263528	1277789281.365733	2548608258.030806	2208152140.673179	918147544.097124	393927094.240643	366086780.917033	463503527.806257	1630763366.563418	
7982458032.129597	2434554901.781400	4655719918.521016	9286043015.432810	8045565927.324770	3345338602.797867	1435302554.065118	1333864309.771771	1688809444.704284	5941807149.915027	
4001173476.265819	1220310393.153661	2333660004.967041	4654589960.042775	4032806042.999218	1676836888.182423	719439361.488233	668593868.669873	846508622.960498	2978305814.278615	
1289314149.599210	393225503.999983	751984607.167249	1499867159.388037	1299507238.231691	540333864.384508	231827826.023451	215443679.291768	272773862.921659	959711407.406097	
1257739167.665944	383595509.488282	733568691.703372	1463135786.762755	1267682630.100253	527101222.819862	226150420.388375	210167517.323493	266093699.056014	936208314.417149	

Resultant Matrix: 2,2
46553719724.539978	72987800900.510651	
42626160757.524704	55360127297.412483	

Resultant Matrix: 3,3
3641770386.842329	10076630754.619553	13603736568.292845	
5213023955.847581	7400591348.604488	6338751101.670856	
4201084611.002371	6818571943.432896	6706345293.468283	

Resultant Matrix: 12,12
52715398311.542809	52192891427.261604	52535520487.745026	48830022402.116859	58441626290.989891	42117493972.073822	57765724193.885269	63356643490.299698	49134733802.413681	57063324233.033073	48756192011.394249	40332254910.281540	
45321207105.773293	40097757452.948219	38422753494.226166	39433644604.736298	45819100425.128212	37324471313.329330	44905146167.717255	47860473700.500381	40008149859.860931	40785705474.455414	25962479477.335953	25660064224.357288	
36946070131.690437	24840131209.156876	26292146461.902122	30511200316.353271	32327396912.393082	23824912167.160595	32999321002.055763	40864187355.616829	38167557232.606796	37700234575.879723	20251517114.906464	19054380655.002701	
41033486242.373077	38238646661.479805	35057201324.939194	28883800396.681660	39310476896.437408	29118160333.595634	37031756251.646721	38963866535.023041	26642940304.095493	34630081799.494171	26416772847.484146	21679251494.018616	
40371390170.796066	46849445212.583809	37345509765.425644	33524562167.931095	38187047027.650200	34831434891.191093	40017139086.015839	41396465202.838715	25721712214.875164	34594397933.237823	35049546187.933273	27970522122.012794	
26095129918.004856	24870437567.234795	27163603533.763237	20470683100.225540	23465606160.203537	21068553373.436615	29667865943.864471	28106751117.746143	19327204382.539005	24165401268.090771	22040060278.486549	20316993337.431019	
44607954318.234276	35748226069.619316	38555999486.354424	36228233959.601479	39747776271.646385	39750850911.724388	38148487557.534637	47291493064.289871	34597648985.557846	42227163359.850037	34112818714.779129	27325437005.826485	
37486713119.197372	35235481104.344749	38006443559.623039	38749345826.537239	41958368803.893089	33388890556.450489	42744319309.731682	43965229789.235641	34470204318.061005	40363242072.737183	35809031720.161240	22590583195.939655	
32189152675.037937	33737441583.413399	35374581181.577927	34262961844.499340	41640127285.719345	27021349310.076591	39793258430.019608	42966558571.196190	38141350661.654060	35849919706.676529	28117564114.485764	26455817360.409405	
40427910423.839546	29565018202.476471	34258032374.393242	28806171515.509823	39233439633.441566	27605152681.462795	38509012742.902809	48216025531.500488	33074332148.953907	41328095362.353088	33635104337.800087	25685399603.296181	
39633723508.916756	39354481070.440666	31582145129.927734	37558199937.756615	43050445475.309128	20028638998.585468	45946417293.720680	45332499498.843613	38072541413.851456	47115530615.969620	36797695574.103226	23999767218.420658	
33974650683.900070	32188007955.871784	27311589945.808311	36370286174.486259	41004656577.158691	23926466157.867695	43874657031.764374	46024739080.230064	37767938308.618828	37071933163.617783	29616400704.741894	19757032822.271038	

Resultant Matrix: 12,12
26724335482.742886	45264153589.115608	39126333769.645370	26857821147.572372	31865528025.609745	27215507198.054787	21554798508.472897	41027629455.666389	22576990905.346214	41512569043.594017	43658817672.511040	42525162328.784843	
37484679147.105698	45327935473.862236	38355764862.726616	32959179689.504047	35610997744.980797	31232416605.842209	28827006126.259186	47539090172.453064	26790789067.400867	39896180028.776749	45374608975.682281	49125392764.592995	
34697276853.516083	38570385788.965683	24100412076.010918	24139979325.921848	21622777397.697964	24027837629.064316	23179468849.721634	37187599274.652855	19879699196.845203	30711084373.411789	31796786110.082676	34456303156.477875	
19978342660.311260	26263934887.000420	37132227116.621948	30463825679.396049	31200981351.028000	30487150747.207817	23239359955.423386	39277702610.222267	26982470511.460701	30828700927.926121	32362763254.330750	41250231864.552872	
39733488678.678162	43173067839.712952	39573463272.578110	34374172295.715324	30889825804.444633	33027081145.138756	29084945185.585426	52372730484.819275	29628902595.158512	40875226843.077225	49881734454.697311	46761978960.571236	
25934218852.917339	35741426608.356407	31871857463.910324	26194141701.168118	28897061200.773117	30908571717.716202	22040854401.802177	39705798193.201523	23627870784.635269	30943186688.340157	29608799022.552544	41755379969.248535	
32654079803.876698	47173156722.130806	37911984278.621368	26873446265.096184	35065803477.903069	36333771293.016586	23142764673.171734	47428494532.199615	27575670089.662506	42043938150.034874	45348091602.856483	45234814114.903641	
31101953178.981770	39690242904.516479	43424079258.218491	29305320791.439564	41350483937.807220	33364349896.465034	30013345967.940781	45560261878.908852	33239442444.353874	45034248628.698639	42156168829.271286	55693634869.568222	
21828494671.436295	30721836678.814754	28563968731.119179	26876056313.544697	32723578596.806713	13334414018.666531	24645426661.710739	23093088218.742088	15778037020.708017	29731733373.996601	27404681007.445206	37010291708.963387	
29102325502.063904	35392832939.885880	27725113043.715382	22539367313.684292	22915107423.197258	27757157960.424465	21814120669.023640	38251584980.329163	23203855539.596024	31791300299.304504	29044870546.410660	37571067257.816689	
27399564443.018280	43670004705.830139	38702318135.924713	28104972015.419788	35604131560.541710	25523061483.906315	22869362335.269638	39685787395.246429	21255937476.534889	38332818622.526161	42762188497.891273	45782553823.315590	
17032674556.089113	20954802508.754066	19779327699.110394	18428409764.579338	14267769620.328949	16830934230.053789	15002973041.483875	24588476041.258484	14761545654.572205	20061494177.996777	19414363647.734272	22936554618.978535	

Resultant Matrix: 8,8
21179121543.760559	19161102009.515163	36507446270.712463	26323051859.159882	17910355651.290085	15173535543.383705	29934969179.987614	6379090745.095851	
10825174206.328527	12854997463.837883	18888424734.820072	13547618669.015676	6256389200.478062	5070943835.446054	16276164722.326244	3187492751.377282	
7711301786.873274	6672328131.931418	11603335431.297556	9542577184.525972	7093623622.347626	4861107811.666210	9354379504.809206	1686374007.032637	
13249621586.241043	15748588977.230349	20851506615.530987	17617016459.620331	10826245984.974033	9986406637.014277	19754883361.948364	3224206448.611576	
12587927566.588198	9448850461.605007	20995324986.324390	16331446510.917065	14535695851.149494	13953502784.455450	17950246008.824757	3761723106.349889	
15169816625.723654	13247589323.560511	21480983609.601112	18627955915.893219	13755241067.749475	8128871796.052633	17060755898.611555	2769022900.751081	
8185898997.993530	9652623668.291388	13770510017.044714	10746971538.338427	6214825210.339789	6022803225.071100	12703113579.482012	2310888542.218460	
18942143429.167503	12698065309.702038	26122056720.442482	22648927628.765850	19625662977.529552	11010391440.233093	18907615934.819561	3299766618.293522	

Resultant Matrix: 6,6
25049266764.293774	31578617963.259407	45075443092.200974	32844380131.947060	34785147832.378593	30859463171.710884	
20260261241.536232	21544810785.308891	35054780284.313393	28377511290.448109	27311804742.923645	18592385376.224510	
21388394620.098850	27709687824.873741	31834464263.301609	21600573978.415657	22694691363.870956	21703563312.901657	
18725116073.836895	26044003966.936817	35580143010.812759	20200018697.914429	27671281789.691917	25206343921.901081	
23428155859.839958	23819219282.175064	35154919467.818260	22215215722.213436	27596326942.852425	14594846659.261253	
17833863539.252892	28363602996.456036	37675214873.130196	16512988428.882385	26580756394.949726	23864139224.074669	

Resultant Matrix: 4,4
9143119630.393574	8506474364.365055	10628898522.182570	6574131726.867882	
3785876521.489756	3522261862.313387	4401090545.798316	2722139921.607769	
11779323567.293926	10959116582.228695	13693491928.129930	8469628301.413368	
7692706122.333027	7157054710.811344	8942789336.743116	5531248132.878624	

Resultant Matrix: 12,12
14536908590.254539	11913768089.426647	23937205645.540089	10240302188.638411	23658764948.032833	15924774354.861048	12411642700.634796	17720626364.392807	27511038736.147190	16651030428.930885	26104254362.326359	11341343218.411659	
24365499223.321701	17313048667.386864	33037167915.637566	14523842087.526104	33004434324.431377	23718110264.416786	24464343457.929134	26294359403.334332	37580791006.079956	27847354662.893364	30027016087.014912	15712498734.442978	
34788874775.196800	13008214766.033508	33924812301.513729	19277198481.554886	36187009749.509270	19584687159.982262	30844730743.440651	31853101043.770519	35607396313.066689	33619913558.713116	32148661489.022156	23815140471.026943	
18718766323.195251	12439227229.025934	20888116577.478619	11055073041.969063	24200947308.410019	15319936347.624565	20038962649.307686	18383189004.793213	26164748020.798576	18652353407.450027	22102582220.006653	10974647957.552519	
20724794964.849842	5095932842.682689	19582234919.104736	14255342204.010103	18329695232.689816	8969509357.226768	16643042752.331606	14366867179.785131	18044308543.334461	16497230613.217884	16622178138.207756	18955414804.975525	
15572799182.687384	11529543693.390713	19584978722.785507	13272373301.239414	17681866662.297417	15691429518.953629	13869572773.875032	13299323678.246466	23371269844.259678	14391521364.729313	20474237094.691261	11038910626.564102	
22343947764.215931	17977081031.361740	29213189754.597553	12624723775.371916	31922216353.912781	22864850447.173210	24580711532.487835	25055419750.499947	36221717327.502640	25675071316.572174	29006502951.196831	11746675185.569130	
24105346218.229244	15598186286.274355	28702098865.711380	15389153089.692934	26704313743.268375	23022929486.124386	21115033010.665775	25377517735.780670	32738212655.420944	27158064352.471317	27863460218.288158	12679481176.519352	
11855739057.235956	14333865270.875725	22844660043.864979	10043969523.592875	23991666091.881500	16742757478.071056	13196324150.045145	14077985673.628490	29155153874.665028	12771361986.957825	25888564032.761036	10032906523.789665	
20310517884.556717	13727305011.344181	29122748821.804550	11200234120.075451	26028314222.383766	20818396106.940125	20337648359.914974	22163913032.581036	30253178608.115700	25572433541.525681	20604915894.449322	13461626727.933329	
13024458993.093424	11503974391.196844	22756213670.783463	9969998017.924973	17172788568.177309	18160151494.547398	9803893886.165682	15987469364.602833	24084523796.414673	17677121096.971111	19542813912.183678	8494673359.980024	
23035764852.058365	10987305333.202099	27612743311.045483	16309178053.393555	25638785012.817329	15823598092.406796	22678582488.848995	16678896132.992188	27852603887.207584	20312789797.873505	20254660692.090153	21731896410.771835	

Resultant Matrix: 1,1
36523000957.737434	

Resultant Matrix: 2,2
46872008764.958687	46307558766.886414	
40104671366.786469	47721653330.025528	

Resultant Matrix: 13,13
27275739823.484856	35319953932.336945	29007577304.845009	19216503933.526169	23790715104.495644	28494335407.727699	16111218052.243782	20881269211.071579	27611231347.416809	31998537286.001328	29924498885.336304	35717500620.904068	21585351102.603809	
19432580860.752659	27680852885.879520	24345467963.780117	19867440122.465431	27580672955.397236	28217675932.774559	15842438479.648512	14904808306.488766	26746623780.422966	26081110991.087486	21608590052.893890	26455677861.628544	26326724299.549690	
33039081393.369030	50762472991.992523	41827767412.934921	30250428355.228123	37510194771.662270	40185159898.297928	26617929025.497829	24076349417.664623	34555300994.449959	41061026863.840317	39596665907.217102	48818867938.993591	30139927791.816757	
20847959079.453690	30313063385.456196	25241979820.366699	17107294902.272869	26452047484.954918	29601121326.224110	14445932322.092258	18192745905.202854	24614657906.019257	29684637885.841564	23981623921.283642	31387321258.945766	22706677863.750511	
36287756342.083641	50705455167.452736	42693595369.413521	35020341330.492455	43897380147.848969	47090673727.217957	27395959281.168797	28031067841.394722	46465267606.433990	44963049973.206139	35823503327.646164	45493601242.813904	36312935259.767273	
32148424739.041245	41751318247.159538	30702680920.815933	21356828215.366325	26962486368.267429	31892444095.158188	16561092191.126141	24074640622.353714	28400029822.723537	38639518449.887405	33789878515.369331	41833548750.746994	24313866640.778179	
28827702994.648369	43147359417.547211	37109404050.594765	32758014204.874710	37713163619.235985	36794752450.917198	25999211025.338371	18901458486.673363	37330869778.084854	34396873682.307976	30143525412.580643	36829226496.519218	31821125149.594597	
28205957639.510021	48022853447.779861	36717845917.423050	33149735596.650909	43067146709.009003	45232443072.342644	29055662609.354568	21825003544.390800	35609254078.504158	34407156517.210449	32947376800.452888	39781310460.032669	34352968792.951271	
20562687610.172783	32014062938.585724	22280761626.630478	22990580427.072281	31637951381.523956	32202869218.775307	17548828133.178783	15644868290.578211	25734828957.886909	26648071876.222755	20807029988.925827	26203192920.930779	28131419878.231323	
27528337629.265385	40902263224.400070	33587954136.585041	28671543623.901524	37170227231.910805	40462415133.199631	23259600549.019379	22690781332.602261	37337326108.457443	34340938886.149323	27292407704.451717	34973775668.122879	29008044308.768894	
25598839587.614029	43712482713.813721	29682875906.100662	22652504647.217377	34685943471.468719	40379320685.358017	21746626988.378582	22659017373.971390	24592382762.129848	33403882648.957657	32920647281.506824	40625919512.327454	27358756539.381718	
22533233830.995422	33155950638.585693	25555554683.352844	17403450173.714050	27759565106.885571	29425197319.048424	13254868627.314775	18538930637.847717	22488426258.782875	34449481656.825195	25189610329.730000	35390068291.317322	23625223823.330772	
18928409477.666061	25935566772.361954	24400714060.040768	18556444485.239635	27618082216.417343	28921971500.146019	14488000470.205711	16044316669.132820	28351087731.611851	27291201431.766777	20164090333.313316	26102361464.635960	25769840428.378323	

Resultant Matrix: 9,9
15056645619.203197	13692493866.364191	17307142623.695461	17973983573.708607	18271412937.778633	8339759763.041652	15422160001.342108	16779063453.813131	12464870766.865620	
16191322073.665680	12536439984.999804	7400579834.073974	11640177232.132908	7632845938.522419	4066699324.376895	10327436720.449753	8904024964.770958	9982532099.480429	
5129591075.244823	5015229562.922312	7751595798.670876	6493383230.082851	8011670398.892359	3432607628.788886	5498001613.649107	7047802271.849741	5202254837.221583	
11570395259.343813	9503875036.039059	8155085393.168982	9190338128.617592	8282492378.270243	3893032387.774250	8020608194.806227	8480345854.349704	8480384978.579011	
22503089246.518570	19056576097.514885	19125972460.009815	15127033503.241165	18494184859.571976	7784669860.255125	13047745736.313148	18154625625.320026	19641492041.659012	
13849641472.056730	13343269026.043606	19986394940.372971	15831706774.206486	20385534143.713455	8599145004.494307	13394022818.535219	18048873888.196930	14212812610.540852	
15419523264.004242	13377407690.958426	14544914511.028320	14328652133.550068	14880185321.079548	6688399911.250394	12354460348.369343	14210616970.734167	12613905515.625576	
22054440176.935360	19208304947.881733	21380539788.248692	17963342103.096680	21247709137.307335	9105893772.033390	15425536902.913197	20208492989.586708	19480445856.617783	
12881706498.047033	10668427805.276249	9387304304.008764	12552824756.046928	10022556807.841036	4982718920.737303	10952014396.640419	10115890311.573601	8625208854.496878	

Resultant Matrix: 1,1
19608068069.707993	

Resultant Matrix: 5,5
29035946270.241867	37022471819.706528	28628252823.020084	14768424572.699371	33082656363.983208	
13506954611.783842	22545124932.779598	15192284735.352793	12688856513.934160	13921535418.717503	
9558237575.863373	19859535179.118553	16183808534.208958	12656781488.116692	14558766576.396343	
13759478250.852028	26395101536.731186	21332042205.820808	13320706435.803677	22492968623.289200	
37040146200.600708	43305899860.782463	27552389007.416065	22002357788.142570	36309760676.723175	

Resultant Matrix: 2,2
29229636772.603355	17199180599.352486	
35622664925.080612	20653385409.514240	

Resultant Matrix: 9,9
9634195226.178703	17931575915.359589	19930073197.400967	12087160090.250647	22329071029.202660	20950750134.697662	32886381828.700409	19392257008.072460	24907465006.805336	
7631187684.455597	14951194845.767962	15651313759.213938	9237008301.933296	16923110877.750963	15872458554.323338	26794754309.486324	19277979164.321236	18317092580.791191	
5569745643.103809	12333160306.941229	9038552169.326244	15058987045.285276	17257407047.159622	18399607836.184700	24523324439.181931	16279616131.366909	21581931522.091740	
6345750216.294947	12035003018.489849	10318171483.988441	15247090789.568888	17013518603.816967	21178381726.147415	21759084669.925575	10081657320.004951	21874863676.670971	
10732346843.184595	15531455132.987133	19565678320.942226	17575533197.180046	27753928969.172016	23920071417.787636	36312308162.405746	16930935883.436501	31210412117.278229	
14459678266.642883	20860486015.320045	23853579956.999352	25317208661.495831	33787173443.847588	34002473683.332443	45365646660.813446	26003319230.106140	37891125396.650063	
4422515342.427651	10162322862.315042	7197209115.919321	11734693944.952923	13025428844.122059	14928476008.100828	18858659391.986298	13054560657.661961	16452507941.223892	
5908960785.594123	12733394738.432846	10034839199.883663	12193363766.581625	14893279555.062874	15853656301.472012	23733849450.704636	19963693194.384995	17233722391.790283	
10154840311.101776	7884497984.264400	15380881339.192022	17383993507.351196	25580265015.232285	18908482166.803177	30264117978.185059	12022684994.627874	26825438013.965939	

Resultant Matrix: 2,2
10965381762.928282	9092009326.958595	
7125537420.469415	2134977621.308107	

Resultant Matrix: 13,13
57729709030.646461	41569716509.961426	60043889009.488701	64941249925.412338	54732115631.693893	38127467580.397926	24883470232.608788	60408618753.001831	69449200448.726776	56255850264.577484	34831899735.472664	58451621576.673660	49094552566.699791	
72836383259.165634	49969741514.337547	66344635430.647186	71029852754.436172	58482487651.154503	45362039632.742035	31335151238.755421	60186059873.090012	76913566459.547531	61949656136.673973	46829872144.364410	77098642628.346329	47843552906.903961	
51034688543.419693	39797319261.964066	40041982026.312317	62771840774.199104	41417252618.031960	33395301284.114330	23460957895.451126	40378979608.134018	57530525541.128571	48058546775.076469	30595509587.154045	58617572920.395241	35123962711.002274	
55575543523.475708	43859947171.182487	46035596192.087044	60370896432.635681	46992467070.440659	35072748980.395218	30670651085.423321	43014905982.494705	57684355208.302605	51535693538.636055	49987493090.988174	58187887253.200455	36045487641.064560	
55549476492.210228	44230842094.388374	52061436798.557518	57257626152.246338	53942231014.191040	44936894752.415802	17173915194.497742	55127511643.731613	67329069662.092171	55250212238.081253	28785785695.707870	62923293072.304825	48369852603.109558	
56038061319.184792	41518908622.241035	58302518216.322350	67458614713.164124	53776635281.722397	35392785389.247459	29307503507.199024	55390171547.794792	69263567998.877563	53339561615.492699	41382666827.284142	66653147769.566307	42074148907.544998	
59243687964.437790	36768715944.013123	52793289723.674736	63646763327.132896	51280228150.783760	32076683226.891022	28640887010.279690	47596669646.249580	70361512884.505127	61916998989.800690	38972534601.178329	59347713706.612030	48571749387.523552	
59215657583.580109	52089026809.425117	57411333865.390198	63499011162.071037	47626633606.672630	42418231169.543564	29254477206.812340	52475970715.917503	63382832887.777367	52007406938.854546	38482376284.654137	70183014816.525528	47737986180.512711	
67998090955.259781	50318402878.336906	64116781678.995461	74563373475.010361	59126858582.517708	37109006011.027519	38038204226.619522	65232654812.014839	71689239673.842651	54838181869.510040	51002631372.863724	62971195960.436409	44983488490.092049	
48397175698.936478	41178125843.226944	56823636463.028908	59548579070.548065	51565787631.314651	34677969607.476616	29762700353.652351	55539796451.352890	65849644804.701988	50373332284.397194	38244563749.425423	62438809138.654671	46508706250.780106	
54604478599.270264	42958732465.674728	47119858037.907234	61558856619.689369	49860098523.173065	36169916910.675735	34680886671.300003	44702835401.726143	61135345762.497620	58205615581.356339	44527963086.826225	61943907559.663559	48517432533.713432	
58168018716.285721	41388193548.128708	49657364204.088608	60534091939.169502	52178816105.754768	42130137028.830696	25180065142.549187	47613319472.459702	66107160524.135635	61976483865.543266	32820869198.568810	66064796549.117340	52567403075.236221	
34597134204.422157	32077764791.307816	38250582658.771126	47072780983.132210	38094475098.445732	23551056159.077263	28458734190.833122	38817126234.675758	44990133366.792160	38571092610.020935	33548459625.249592	41252998638.655777	37040545838.261276	

Resultant Matrix: 3,3
3706837925.236966	4381953347.801120	1001411623.248600	
4303240617.998222	5086977098.203081	1162531316.289861	
5495528618.056074	6496412983.658639	1484630929.382989	

Resultant Matrix: 2,2
28209925473.771011	19914807317.818554	
18042613627.075706	9889772137.559366	

Resultant Matrix: 3,3
54184214616.861870	44767913487.423187	24240154324.465458	
62152291348.756676	47126402976.883408	37895893984.953888	
14827170217.570305	9764379336.855806	13076539581.572359	

Resultant Matrix: 13,13
28709807904.158836	17067234310.213953	29887262549.341328	15218218047.033360	12880874579.788202	17077419775.345594	17872279040.300743	16583696443.461098	15237799802.443777	14696848026.247746	19357053198.626488	26478892357.493919	24348164801.403904	
14343156886.467686	15511577852.931789	16816821357.844402	11623053782.909924	7687911021.421178	11117030863.978088	6351517305.742812	15495098059.855131	8441576579.430655	7752390724.527425	12726878461.287992	18198927450.223717	11706702336.722128	
26676832226.968018	17551861637.316704	30308575033.740311	20429669774.915531	16608547934.957298	14078907203.574715	16553324423.242355	15929936902.152365	20917208148.496277	15981730539.109295	21744115097.878151	26368896125.324783	21976925406.616615	
33487305933.989338	24088109232.142094	35093656563.964745	19389946044.585159	17505881905.574375	20056575026.501080	18309313805.303726	21669498356.767689	18480038361.616890	14706238943.812023	25797679762.190376	30555011251.899338	29738645844.402271	
29859775530.560822	18931894255.162827	29328798672.612564	21827629296.692390	14617099279.972870	16226082049.278946	19262736347.736900	13854086149.857344	22530904116.631882	14976676414.631664	21858256848.930752	29705249341.511871	26972247335.836670	
15017186791.522606	13296483411.788052	17093634342.304480	11517542284.058285	9401459519.677881	9362005427.199114	7470087605.071238	12168953508.507946	10237719163.185381	7507945203.576565	13405479891.643530	15761970952.394730	12896946315.839905	
23065485305.274273	17533192836.773026	26250543134.613579	13606299361.406605	9041965648.314363	16981478193.112116	13551753614.076906	20213377296.657871	10649760414.663393	14433383278.747086	15549789727.083738	26622041120.129040	17472919615.202003	
11383639365.536591	8658086766.425224	13462469545.621561	8269458425.871323	5650464527.479159	7686571661.616093	6865485351.259960	9538186550.329077	7171565414.748483	7707745250.875363	8514945523.639515	13321295528.749893	8523279524.116426	
25744031248.523323	23969134314.329559	28721828136.403454	15418445128.570137	16900282786.036224	16198197773.783312	10369909012.807800	21834235601.612938	13080084784.488264	8841448421.376854	23915442215.693501	22659957501.947105	23586096066.939583	
28773386849.894749	16737599781.731388	28653020285.636047	15852877718.535475	6995440797.218555	20176169608.702507	20178426670.805977	17957052173.080662	14056679614.328358	17806090145.256622	15145393385.035187	32866284100.436512	22909615674.389458	
25086940235.293503	19764290307.302948	26599206452.628201	18380557019.222031	11656360248.941067	16476711366.828970	14630575096.177513	18134441967.574326	16316559408.724455	13677387546.814127	18882751866.470787	28273360322.860264	21255691317.410900	
23858213022.074173	27239670758.577240	30497992342.483475	21633630415.616142	23752891305.627815	12879840270.442938	7110351743.216539	23291460200.049683	19414756788.170815	8788049270.377302	29385998057.489296	21454831713.492977	21907617399.418308	
28205391920.793583	18871240639.892639	27604499953.374546	14660446146.149725	14692271616.916191	15674243950.639557	15352912824.727089	14857599101.967525	15108777589.151970	9844481687.360733	21474880390.381584	22640615050.437088	26707995696.129799	

Resultant Matrix: 3,3
26387696420.434540	39910542877.238190	35521724058.712326	
18674375339.027233	18000880235.089607	16132270011.016626	
22319327780.269333	41392072460.051178	43710519028.952255	

Resultant Matrix: 5,5
11150712163.683338	17420942828.282528	14493009917.149593	6249202942.770222	17713906993.729443	
30680547115.635590	25598854940.571045	28976183155.899326	16184845456.868795	27073826018.821926	
23851543365.585484	18988106112.862953	21841170519.215088	17017712034.235254	25547922199.039028	
20119256147.532757	21071568418.476978	19812209640.972931	14936419521.826374	23459720817.836559	
22957712195.785149	19265656375.149433	19962447275.745831	16282471815.294683	23876636719.110584	

Resultant Matrix: 11,11
23176833840.804169	19206863910.797306	18555487657.328159	15407944421.652313	12870234957.361881	12350702498.601776	11642580133.458141	9212950180.163040	19511255968.135098	19320207461.416733	16576482904.072140	
33075519888.107418	21516051009.065914	21621959840.449448	22114591103.154793	18506422898.339886	16948162934.941635	14257142021.795532	16611756393.874165	23390076763.036343	27143899533.906628	19478657713.129810	
40373007827.130432	37583363961.209923	32490933475.675602	31354327458.760529	21975913405.826973	20288591144.664314	20626825632.723320	13944795741.333551	38137881800.695526	31151133225.212154	29214327125.280334	
24326302150.654285	16915349019.139071	15434417812.794546	17369575729.691998	13339815706.774490	10954510184.825062	11059875907.334484	10648018330.264618	18301949470.917465	18960474648.431728	16110693843.791348	
40684691875.828690	31823812643.075844	30160465739.328659	25312552908.594318	21365980035.103489	24034193008.581409	22382860186.694168	17179005152.170067	33612713817.511738	31664160428.284958	29622171031.437279	
23421616258.102573	19143827429.717724	21416965087.862251	13206707409.444624	14207627570.966681	10650410561.302977	10922831174.130356	8383763367.794979	18020518864.276630	23234519190.090652	18650764737.449524	
23351538220.683899	20112244265.547920	22143403505.134388	14532455397.756105	13738351208.736500	16497502733.413939	10534413898.959839	11973392381.441187	19772261568.995155	21838368425.196312	12421222612.915871	
27842985042.578003	16015843079.779247	20292469062.872776	13501743806.231474	15785119268.805519	18568713705.536209	12654411585.112225	16488556849.471457	17329008811.762318	25363119326.627625	15456005837.454065	
20742677330.152367	16479891407.349100	16280516666.214739	12895592005.141754	11405212405.176834	11220713499.104443	10755522631.053038	8350616988.673367	16861513429.343315	17334658608.640320	15350367991.040962	
34922905270.392586	27974170689.500736	25881742809.051384	20518239493.014450	17761783437.701569	20260310383.566185	21091048352.958164	13037794044.145840	29492881877.006927	26434492373.903732	28877915916.883080	
47506843317.870689	34924544116.309311	36021423121.091362	29953814313.559261	26901695952.813702	25105801507.238407	22118955173.731220	21410785942.966217	36009390893.426743	40980942883.535278	31560352914.726585	

Resultant Matrix: 8,8
27407932196.522400	56000957329.509453	43315113552.123009	31363181875.562916	35320439469.793465	33339984816.819599	38532659089.112022	51587016011.060066	
29091932269.696270	58399301271.893356	48571481183.985809	30733785755.100708	32292878378.990784	24570840760.727077	47566478485.322403	43456906090.459366	
21873822873.254162	48464829020.830971	34648861261.989082	27087287224.218872	29970769428.255947	27538484864.194607	28557595791.672897	30799574695.382763	
19976244335.923149	45318566723.604851	39985263382.927994	29199900015.311691	27183141897.137138	22555726259.533382	33425413778.800541	33951313738.814770	
38250909876.168091	74115588855.218887	57338017968.835556	33700761259.560871	41192542184.334549	31156368515.899223	56034284638.590179	54255392835.468193	
18230036479.747868	37309565069.094223	24108261908.237766	20995078289.712181	26614257279.168106	20438647729.062645	20942159221.202103	23459898406.843105	
38660352748.554977	71029871949.061874	60201610907.504761	41159727080.163139	36979712613.255623	34032606803.761257	53439197863.302177	52504505335.557762	
32488491621.701015	68304075388.991417	50249157301.714371	34000764087.071590	47490146886.712723	33195174718.774437	51265468830.670609	58098839603.184128	

Resultant Matrix: 13,13
23425254446.843452	23720608335.987915	29147730525.213814	15596937896.584743	27782745139.443947	9862028446.045406	20173884508.677410	20913261005.398201	15665465451.128338	13101437721.545235	18499818829.420498	18678461315.811794	21838106043.480503	
30271462979.625370	28949618247.839821	39893102350.945663	25012075142.833080	28688321298.619778	17874607049.378960	20330739919.704357	30461222536.072937	19201344866.742599	12787082148.351429	15184922661.306728	21918692180.432674	25202271596.486931	
26890804644.598877	32461148183.348930	40584025766.351936	29482151728.115719	32385981746.335960	15489664539.354574	16145597194.058359	28423381578.768661	19796924908.991909	14909453952.001453	14063527947.733938	21490518306.762577	20349191812.595997	
26210734157.723408	27301122238.472641	35815511287.051941	25134594701.270184	31117517385.940960	15557096981.009825	19408623188.082611	32426728738.694668	18169888065.633221	12230591660.995224	16232720540.461624	18825496300.175976	26758244352.733528	
31919574520.128029	33773388187.872013	44918355069.489273	27340006902.294834	36484414814.385040	16449105333.272038	23134681519.377041	29773643209.214008	22790700779.264893	17149100401.442905	20080148692.415344	25434016651.783676	28977118062.459991	
19703566322.413784	17416067394.086575	28061791153.927917	16221753143.503956	22169624185.738121	7955775661.340721	13574757219.542149	13711498760.069456	16421539043.268440	9309156406.283731	10503586895.114502	14143676094.228203	18586568086.659679	
33810859480.745518	39078972615.064880	46346754192.639008	28863930030.210320	45188214328.581787	16191879424.726749	28211971413.495956	36091748173.237160	24045530179.161793	20781365260.595840	27427723146.196407	28067461434.191849	33800445248.115593	
29375415236.231441	29791853811.049801	39726308332.171577	28168160469.785961	39178144468.724480	12047850665.328594	23023958913.027092	29379323792.536072	23737349669.650902	15087132877.829184	19574468674.450630	20772602923.913292	28046855085.254196	
40133684164.242249	40496122766.769455	52447201433.991043	34465759148.910248	43628878134.312195	17612499542.986362	28630930808.174469	32376323393.809654	28401662396.618629	20223723731.818085	22599891614.614346	30270096582.265507	27543826968.527245	
23210062929.420776	27778472278.501003	33412973082.830505	21029039507.418205	29504801205.479271	13106259723.997181	19683786569.753181	25539099295.963829	15758416197.937065	14818218476.317696	18667491345.620491	20672410262.362679	23829088181.076260	
43618873869.129318	42683432248.515976	54928723495.979401	35015485898.867577	48428108777.872543	20876352387.469151	32971826610.071182	42605826438.045242	29464820370.655975	20596904197.404202	27151442643.498478	31486791762.715569	36714478279.332077	
39084840319.843857	38349498754.176949	52084541536.199051	32524536714.286407	42353225280.540375	18805370756.450287	32613231048.220982	33128129072.510506	27199786718.513401	20693986140.620483	25815664899.849480	31403215543.472595	34388122298.953018	
24333841240.920780	28179595573.045479	30564227629.658188	23177429809.166786	36120749327.007126	9229669501.876501	24334801594.401821	26943926915.919968	17881939912.960754	15653013069.563255	22489817406.947655	19739499122.980106	22982591139.235916	

Resultant Matrix: 7,7
35948442691.858749	17467886796.157654	19897643306.589458	20825696710.970707	17283392192.735275	10655507557.935219	17427001595.738590	
18749496620.843266	15652123889.824451	12469469683.883646	7968989295.436011	3947264265.798931	4640151599.734243	8655491509.522148	
26852966871.920559	11922708144.289589	14306377327.584579	18287804759.621990	15027212588.565498	5928516167.483827	17346583743.889000	
30960165107.418434	14187115180.827354	17097537468.707382	19154148942.927616	15551758391.332993	7542146507.386305	16753258329.640354	
23211949185.217789	18732831945.612263	15278346133.338356	9309776026.401573	4957932131.137383	6740475133.100162	9148796429.083057	
20138971461.270176	8590041918.382107	9810375689.207047	16736823572.773968	13973185084.927473	3358396223.760620	18332033369.024311	
36062465585.300735	20770158288.549889	20136474220.507713	24268047957.734890	18164402019.556046	6839910601.641056	26306643958.416744	

Resultant Matrix: 9,9
1419636082.127166	21203621280.944855	26084512592.169109	29451870696.413437	17268300184.908669	24953716715.991608	29408217813.864891	22289852085.682739	18458577762.693619	
722484068.787304	11502571578.663345	16250087910.313278	20522162090.957150	7301980777.606681	12635298030.139160	16117070328.282951	11330874887.786507	8754676441.759813	
1061721272.355553	13798899914.844248	15393484877.221725	17934448056.911827	12585591504.276608	15781642553.542994	18824125364.544441	14230929876.587326	12242619580.886597	
1470775425.751367	19464689470.097683	22757699788.883430	27488580212.262554	16732945233.343239	21849108130.228279	26640605218.872719	19722522573.128769	16666292928.557964	
1302107095.400496	15460233268.354382	17094205552.018232	22108524975.068649	14027888552.586472	16530647544.937277	20874345974.821274	15092084804.611279	13039659665.596287	
456192128.980379	10606833683.801617	15835136485.508055	16665008303.015345	6286642921.894849	13413065915.176584	15285343068.343727	11726851155.777279	8906459245.601460	
511437450.255818	5139642864.558159	5257214987.663172	7909663449.791426	4941316892.620021	4909893335.353976	6777357711.424595	4598344360.084437	4104788215.237774	
886534817.722297	10535234008.036459	10277507566.069721	11412164785.256409	10973374910.000450	12209018977.120995	14177451114.065033	11046525749.094952	9932346776.605528	
745365746.918663	8191315651.443474	8669622395.835089	11878568491.976881	7718120316.274620	8404293981.212585	10942300578.631735	7748382700.844025	6812306339.668108	

Resultant Matrix: 11,11
42984827951.762314	20455687651.748802	45618119927.193771	44606925552.855644	51831067505.823532	42927189421.477692	44552972808.571053	41130826832.686501	50544277595.476746	23203540900.522114	33751292410.258831	
30954778107.982330	14357637777.984282	30164206980.959335	30922957612.068523	29474162161.657227	28988444800.682766	30318134110.911549	24019383809.753021	40679463886.563782	22361509107.859138	24352979920.671165	
55240972499.247826	32721751268.102974	61833091135.854958	53813791340.959366	46744721326.874771	52600896748.531807	49453445105.697609	43505775002.612999	61590427619.967392	43450067984.557434	42356233956.503319	
34217274774.749737	22264731802.259842	45135342827.855484	42788343581.066956	43767250743.155365	49079918985.825287	42773149433.473259	44062482936.741066	35214561614.692352	29538130184.596977	36334702418.792030	
43965651443.968277	29259748354.749165	55650005330.722496	54734949538.131317	53553757493.157104	54878329372.783020	52611475416.471092	53015372319.238800	46014637018.047585	31520621658.192905	48056390181.701202	
33529297665.697128	19915470025.299042	43619750139.827591	37967910428.763680	29744218086.398888	39942681397.237862	44047969432.381279	34111117950.914207	44854927171.803894	26381642266.697437	33940508965.883686	
40480433566.040482	26388395660.446461	52116356921.572906	48726858130.965050	44857950099.921501	50398719001.261246	38819148724.715881	43492923357.215126	44445086113.918922	34490856080.823730	36232601230.998062	
38039843596.211853	28401533916.879391	47308511324.297653	38422518727.387451	44130273552.787964	43706963766.976585	38632956784.711990	37491085352.453705	35738041707.144920	27344831479.691223	32845852087.751766	
56292344711.049606	36013470945.781761	65683586771.332336	63409599203.490044	55640445662.513321	60460002182.667084	61817738520.574249	50107524372.827034	70939175665.702820	43369228880.214432	51348177298.375954	
35636374546.136948	25884899704.422321	43385646224.388069	45771282681.686920	53084238296.481873	49952983147.896088	49073081167.410652	44758930072.785408	49407408348.343597	31322307640.155483	33370222879.990211	
45541711231.512009	25220922155.337761	51478204414.890999	53510877689.233063	48804294053.125992	52843435561.142303	44295335968.547302	44021578540.065140	51751059548.202202	36503670069.094284	40242659911.773727	

Resultant Matrix: 8,8
12789626501.893671	11804970775.586063	12845347548.324608	5854412279.774845	11505272847.229200	8285577255.405467	16419448786.208706	4984449489.089182	
17671325398.046631	19034875456.875710	13263293606.111259	8288952896.862753	18386333368.423698	10447107397.697479	22138391103.200386	5426213472.980090	
10681756170.276611	7647627067.365293	18707000320.958042	5164983491.772725	7604756740.323009	6049551158.579497	16440175263.789688	7153942052.036545	
18102161258.793941	19108842610.648102	10876002304.376694	8123953867.191274	18464865640.518883	12146441949.867867	20992709702.141041	4372343362.377390	
19314915445.335236	18486155514.740955	16489356172.313869	8705355331.937252	17969707761.829002	12979621830.793873	23703623249.422058	6414667688.903920	
12651856291.784035	13916991683.220230	8191888756.764221	5872099501.837284	13424539832.091869	7694972353.779354	15356138788.372368	3385269339.872302	
10538025231.958754	13412148045.763605	6589271654.857653	5303553002.393358	12856176720.033764	4667997292.834297	13877804767.172447	2993435005.665692	
13150845861.348175	12773178200.186260	7984350961.725874	5644561874.906405	12393930832.085857	9908026612.872820	14557123015.947975	3045851486.899182	

Resultant Matrix: 13,13
19291425103.941181	14555690576.304085	24311055932.539246	16451296265.351545	18590318169.532887	20387429217.515850	12782368152.311329	18532998252.325600	20279109447.937672	10294856049.713772	9730342303.306681	26373633184.086727	20485372268.683163	
23019741354.296406	24673376145.721992	38299129924.531578	27025832442.849373	26665232740.739571	30223952251.896317	20843352101.113857	35537438810.268257	29854143761.347244	24186922437.788807	18307425076.417164	39043957119.785416	28802057371.657246	
27713933165.364422	22280145237.840038	41809012246.036972	33698944038.102932	31920494800.127831	34359197549.078178	24752730595.066338	32250504723.466114	34855849261.590034	20349774190.292751	24005921382.001362	44188651756.684486	36927142102.462379	
26688616881.518314	20158830661.597717	36319896313.142029	31409648329.694927	26750806324.612453	31159478866.509949	20584064533.766727	31899998281.386482	35975341806.970207	24316283029.463654	23315423045.164940	39053728010.983528	29684645267.798035	
26457620564.480824	29393963393.978241	29975258012.635429	15390577718.452595	20072980199.867874	23191365677.625610	12294486961.457623	29298523408.720261	24274830253.135773	22074919311.362091	11155029135.399227	31180673920.484344	22826454983.708099	
23926942796.194077	26360723002.191811	39851961820.728790	27584899739.341515	25228929928.183388	30491541170.726162	20703523988.223625	34686809517.597992	30857418753.752121	24794422935.600517	21652172402.720486	40378041530.504578	26866312254.708450	
17941691304.392017	19179373353.700619	30943112556.592812	23509513596.406937	21441332033.507954	25753968941.772095	16838490499.124388	34966482188.021164	27785591271.904251	26041121446.188232	14059592642.021313	31618977683.065903	20930363469.596218	
39614308478.712921	36340667856.040161	47482617613.417984	33880335074.056564	33155716674.756088	39172782503.519638	23045227992.906452	44110444458.041115	44772547684.554695	34670680912.210625	25807480340.536339	50594159463.724319	37208973417.601517	
29389760982.052227	25125001936.399467	37930022920.754036	29919131745.160172	30146019296.199429	31997303679.403477	21330646277.149590	33996332273.814499	34477359418.116257	24200510050.515049	20559749504.774948	40531770643.320534	35619137420.295944	
31500924582.791862	32441180529.614597	35470157213.270958	21145175432.092869	24908544954.771183	28222914229.080223	15763329834.841213	33639210116.464779	30587821349.936317	25746584170.492905	15793929803.105373	37385498162.794861	29058199235.304245	
31041226863.347809	29213550674.947708	33968893494.648033	24157405984.406395	21739401130.825497	27948554899.362995	14823620760.110769	33058820777.167213	34937467019.312843	29362729390.976070	21024435307.989609	36356243970.699715	24147241921.401112	
24422795699.518684	21542235206.767376	43012529104.906532	34423652714.627197	28567502002.300304	34571840073.912430	24464626777.985832	35649593580.465477	36203227358.080666	24638811298.140656	25822685970.970436	44467835973.592560	29670867856.274494	
28585861059.638779	31151862282.072960	38182708599.292351	20168454070.830650	21772258398.476082	28052998461.660103	16103612164.500921	29742713584.217598	28013231181.263382	20870994183.443497	17685667683.673435	39165749962.648048	22902119527.512157	

Resultant Matrix: 8,8
749714497.453621	2191813464.210134	5058525813.064350	7401040260.347391	2234680180.965555	6014154922.107002	8131837771.872965	6130305393.285036	
336439926.720828	1045070356.743976	2644505894.885927	3562271430.403468	1281688838.505726	3018937220.423889	3627651082.209061	2750228889.857646	
383605470.052169	1751115562.594886	6423317621.359107	6255111324.825562	3999391383.501245	6354992203.152077	3939882259.849788	3128584450.211926	
385587041.708407	1072239733.750855	2266442056.600399	3590695989.942032	899683265.413847	2806645910.797618	4201611358.527017	3153596757.354531	
1468700549.814665	5068337971.088217	14627399048.453156	17535042051.172085	7891061382.166390	15813934548.343801	15658605064.913801	11999383106.167458	
638625869.465087	2868790429.723085	10410520834.657135	10231355404.172909	6447421861.905550	10337898606.601997	6575414046.643248	5209061009.252193	
1055366223.575498	3142161094.068249	7466592252.703625	10640902970.363781	3403222903.993031	8761579309.916031	11427195700.424805	8628844319.296642	
953446170.571076	2523213229.158057	4823846516.480872	8376485218.308492	1643477774.847650	6273022465.149581	10434337336.199558	7799588911.319513	

Resultant Matrix: 12,12
13485713942.367947	2671867444.177468	13822479023.642418	6721738197.145393	9458006345.618740	6104740743.266518	4459521107.009439	8910968148.974157	10455472503.568485	15045137978.726551	8375546285.394021	10791859547.851555	
8778832328.427683	1420189244.916704	10121654462.179585	5292558044.719432	5682034916.208687	4242220801.752011	3587768779.114928	6541281479.351177	7196685782.460310	12187984463.873144	6351669034.842922	7778601974.840382	
11643269830.476810	4077050361.798422	11719771581.780750	5433956567.158066	8531918584.868015	3464492958.097335	5876277631.154801	11259072560.744543	9481488151.033159	12881122561.127100	5693265097.687909	6654322890.655727	
16481582454.856646	3194403858.939615	17484690602.570213	8686646264.068754	11324746961.311426	7502537400.759681	5933057650.532464	11490695312.484688	13013739049.677916	19667530958.896217	10632162131.079288	13442971772.452772	
15461124999.448185	4275435202.820419	15859172385.696762	7577712579.154841	11034319787.542053	5753746983.618365	6653664465.642428	12860113845.413836	12367291128.235394	17521904332.265976	8640224269.418921	10589011939.162827	
30757474163.054077	8481997483.336458	25034693375.333324	9971830463.117088	24402338682.356838	11814820861.831768	6902486003.862089	17226976968.416897	21759164970.797894	20595151873.494011	13471311327.167068	19458499589.748726	
8607515834.347321	2082841802.277519	11097942460.940876	6030587750.292822	5240079171.583377	3388500557.601755	5524697497.299630	9407197834.743395	7780923892.981825	14659543780.009710	6348926097.052109	6904939039.973294	
16142286643.612228	3958378585.924917	12505879793.101856	4793572674.225471	12965985639.751732	6740572690.907891	2387842018.270116	7164720482.970309	10991568472.837421	9323247961.798304	7101385463.337717	10779779837.152435	
20007267815.978748	7022893453.419234	14023801554.265884	4543282722.793222	16968036933.142040	6259262579.514425	4201364093.321672	11588053670.261473	13635470987.908089	8755399477.397522	6262917833.807594	9868980408.702312	
19229092409.051834	4681657688.891053	18251064598.053246	8342374159.787058	14176110033.292500	7886637675.208384	6047575122.552653	12737570678.236004	14543200640.551430	18438861868.052372	10409397276.336071	13735559742.704729	
17838409176.615807	2612730657.293200	19267089347.284664	9766726884.242168	11991637158.602495	8969255227.109730	5687781992.254464	11042332511.301701	13973061209.907532	21865321533.945415	12379348826.088650	15880992988.235794	
22808991160.978760	6481273452.814836	18019255635.198639	6945305576.632693	18332711500.341915	8594122403.851673	4831722798.828767	12493857196.323399	15957574237.498896	14117182538.959778	9524108854.229540	14010586197.562908	

Resultant Matrix: 4,4
45867700397.700485	36628793571.869431	35685859067.707687	37117800361.967491	
60045910831.286301	57287995637.184143	46319121059.280449	38924672897.864998	
54572724834.658325	41034377320.023415	38586339864.768288	32903670228.060486	
53189980014.538261	35573248338.812363	36810234571.002838	32794050349.805199	

Resultant Matrix: 10,10
20594317358.361397	10447399259.925188	9023834111.502363	22697310510.440948	17159319021.100414	17567786619.928635	13472763167.413094	3701339008.641014	11674968631.866629	25504451792.844940	
15932236645.180990	7909608596.166754	6685506152.073008	14261387774.413166	9686571557.083731	12222716531.775032	14390599062.297564	3415331712.996811	11838599123.339552	15610984947.900709	
16482438881.492901	11331282913.873375	10352379181.790762	8258220432.275509	14095787616.572187	15782647214.395695	15466419771.002747	5283865008.358912	10021045527.226139	10049609978.520947	
35607120660.876625	18580038425.699554	18194323379.938858	27055414962.466038	32745853049.096489	33684925186.437832	30251736801.287941	9646484358.290262	24800985438.800140	32026671780.335423	
22869136371.059498	10912236634.079464	10846502055.198248	16654527207.182114	18457006729.007561	20261403564.275936	21588138180.843719	6181633645.628513	18040997801.333916	19393883452.051460	
28140377012.291649	14140793325.356800	15238617228.582930	17449784336.238251	19920522581.547600	22232021648.196579	26660578651.571747	7313317847.138475	18271455956.028088	20539941515.757011	
28725372583.915447	13471819019.004108	14984886112.868362	23067718517.723701	24644597961.365910	24198255702.185196	22544148502.142159	6593899483.721868	16579743948.611794	27294505276.430439	
25151527287.846497	14668276365.189562	12051786080.252804	19740977037.433212	17994011862.318054	21842079793.338169	22999108202.050583	6472427890.703373	18311762617.464249	22023520234.356026	
31594077589.745285	20908075357.013947	20442358210.211197	16188745374.556412	24063395583.125084	26839042770.727425	28400880194.296249	9029050512.311127	15544007735.479673	19534917918.337761	
21028073541.506653	8626317343.697531	10179914146.594835	15501008765.719482	22623377221.196785	21451127265.569633	18435880041.316536	6179028229.892368	17175751025.203121	19201747387.752258	

Resultant Matrix: 5,5
6710242753.656630	7337432901.496750	10337627787.197828	8303781858.684605	11894467510.674532	
4638034855.412828	4194848767.341208	6376592270.149040	6263483804.413851	6992137132.229124	
6991059497.984416	6093808449.846892	9410671000.384167	9578161530.212929	10218091960.333626	
9735289234.405315	10059797915.032875	14484661505.986206	12397131577.915073	16435818887.010757	
9394766145.224951	5547069980.753252	10329958821.923912	14450520865.560127	10027186942.410919	

Resultant Matrix: 6,6
12003058816.953802	5782710520.838694	8717509376.551109	6025986635.805646	8707637509.921555	10670306971.478224	
30120100188.850544	19657393847.640511	12931983361.257072	17890152817.062180	23276444061.526360	16815908700.290909	
18337616189.245770	13229839624.884880	10580413207.080463	12536382633.975220	13382183236.255501	7688112557.549430	
28116869671.282974	15121381231.927589	11654709603.466265	14294819205.784353	21736687145.950737	13689060904.955135	
25968150584.819233	12801806683.605757	13256248788.504381	12624744618.114250	18520138924.698421	13045911537.456362	
16049408573.719494	7169349255.977893	11689838030.688749	8022142046.028610	11606320588.261137	8780065698.773849	

Resultant Matrix: 2,2
38294341631.154785	26787757824.036385	
50415431785.991547	37077976769.199554	

Resultant Matrix: 3,3
36124638429.776390	43389585389.858627	46799095715.791191	
32495597473.088551	45536474459.477493	46443875275.751518	
33741264864.695625	42630026391.881203	38133145276.234329	

Resultant Matrix: 13,13
987495581.640407	2061803903.063186	11702196014.040436	12486586533.649811	4045468598.858689	6206578276.434280	3933510057.297165	7028617868.965134	9628993317.809967	13153705756.938080	8018321020.503325	4096913090.676467	9397967823.504883	
1013996859.473260	2117136239.822780	12016246176.480070	12821687272.391865	4154036261.636827	6373143330.853968	4039073104.691856	7217243882.478002	9887405235.706415	13506709878.958702	8233507556.086980	4206861361.931221	9650179743.219183	
1027638539.524756	2145618867.692153	12177905243.002922	12994182240.059877	4209922069.441990	6458883618.340653	4093412270.029539	7314340171.266830	10020424206.628139	13688420712.671587	8344276021.228044	4263457845.622775	9780007230.618708	
293202803.458922	612181660.151275	3474564080.826345	3707461831.086678	1201162573.831479	1842829663.617111	1167920340.785251	2086906009.441254	2858997941.620345	3905539908.747067	2380764274.752255	1216437243.920064	2790402877.642226	
363623894.664493	759214703.544159	4309080637.792872	4597915485.240452	1489656333.668109	2285438241.321566	1448430021.692181	2588136545.761505	3545668575.148557	4843567713.653123	2952573330.305103	1508599655.361500	3460598432.488825	
1009052197.340866	2106812220.279358	11957650060.636841	12759163497.355591	4133779487.064392	6342065285.396545	4019376937.347595	7182049658.558533	9839190216.300903	13440845654.382690	8193357616.125123	4186346990.630921	9603121532.041016	
27104417.020037	56591638.323415	321197589.854397	342727253.526146	111038540.306967	170355887.154982	107965543.266922	192918928.789988	264293081.631334	361038097.611191	220083938.379980	112450569.875035	257951978.484823	
992756567.051741	2072788377.785621	11764540680.340775	12553110122.020462	4067021253.550316	6239644467.689919	3954466241.214867	7066063561.642601	9680292781.131790	13223783492.351608	8061039459.650345	4118739821.248512	9448036474.479004	
361157180.688123	754064421.761864	4279849144.509533	4566724624.144612	1479550957.887904	2269934522.961146	1438604312.681507	2570579414.110206	3521615837.255843	4810710422.506775	2932543970.279576	1498365773.844830	3437122784.586482	
725414428.480478	1514601510.920016	8596435256.338079	9172648670.420111	2971801946.396390	4559353496.792087	2889557182.014310	5163223926.484036	7073460189.946478	9662714569.536432	5890260036.200872	3009593079.161227	6903748821.073975	
76718826.715711	160182161.117235	909147103.932439	970086637.708776	314293663.880624	482190920.283684	305595571.343203	546055421.781569	748079367.169066	1021915329.443429	622945755.262070	318290401.817101	730130927.506116	
154604082.278903	322799723.055593	1832116830.733708	1954922419.626601	633365831.445738	971713044.959953	615837401.047447	1100413040.345285	1507532492.142128	2059367803.691778	1255362743.733244	641420073.503793	1471362725.720759	
358108762.540994	747699592.844372	4243724236.860619	4528178287.641869	1467062517.311878	2250774694.602184	1426461490.309925	2548881933.473988	3491890946.821557	4770104675.932350	2907791256.684838	1485718523.117810	3408111074.365234	

Resultant Matrix: 10,10
7124765390.671000	2681828311.046208	6940292983.698154	2994399481.664371	4853595538.970255	3388050481.674716	6288027981.325912	983586252.204794	4429397723.048583	4648625057.106837	
13833922330.860210	6738250848.820872	14245056811.266239	5845980333.804616	9775356491.022377	8728313484.996830	10196659090.409176	1907924962.466105	6635214872.731053	8753646831.217266	
12509319983.907642	5801163371.405095	13117931670.832884	4937643086.739670	9232058495.763483	7934674223.570317	9151532848.963106	1913600554.924952	6282704371.792114	7939082217.182169	
21735983574.382572	10796360868.421797	22241401027.583344	10320518361.368652	14649381331.818169	10978656913.217350	19648886437.267742	3526409665.086414	11147095415.233356	14326580225.044161	
22807709216.407661	11929188588.940901	24260894576.337212	10610151822.525358	16089755979.861273	12124492152.437149	20375618804.182331	4234096004.869892	11107186174.590710	15089920279.596720	
30675411352.983223	14044372331.445156	30134871929.712795	13494428190.566780	20444748737.718079	17948774755.410210	23606747972.130363	3495650598.610375	15752585251.699751	19420544911.052132	
37025595899.754990	20190039370.036552	36067619927.347214	19120267095.984875	22575539953.803699	20811517414.447063	30634854166.031422	4007960313.956119	16381426867.167046	23681956669.943157	
15890587147.293053	9370918274.730042	16831979722.811634	8699423518.862061	10350615976.679544	6981664893.574066	16472498833.699999	3184337307.558235	7285438701.660608	10853926619.640188	
24953990223.169182	17221516531.335552	26383500058.963326	13882335747.192299	15769357790.921579	15943757162.623398	20156906001.668400	3644592479.587907	7516760226.782142	16046654404.580837	
28374079986.651184	18902432243.028595	29686210079.346939	15902583167.974186	17728713098.135761	16736768561.377308	24401001630.390671	4270406293.713194	9572534546.105371	18466571722.886864	

Resultant Matrix: 1,1
37736406795.981400	

Resultant Matrix: 5,5
20297245259.781685	20974980648.188278	8757804537.215405	5513390136.189921	23378421315.043137	
12136414110.117153	18361265005.851067	10595613753.004091	4421580953.737410	19047991215.998405	
11270206327.827835	11475017497.511795	6603191484.222312	6406941487.873242	13203470832.670038	
22651571477.700783	20563374305.417244	8714647555.302681	9362846929.186968	24989886401.954865	
17239804398.596947	22071626512.892723	11575931747.840645	6363872428.667215	24119977384.180344	

