2,4
63786.246094,40011.285156,3964.368164,104490.265625
61623.480469,40147.527344,65730.289062,113177.250000

4,2
82109.453125,121819.585938
89118.632812,8397.555664
10468.322266,25872.001953
10549.710938,57341.414062

2,2
32262.339844,104525.312500
96850.632812,5836.582031

2,2
68525.000000,17120.507812
83755.835938,81699.460938

8,9
25881.109375,114690.609375,50708.992188,68220.625000,88588.718750,92403.000000,93102.695312,19945.109375,119103.656250
118324.203125,22039.453125,68572.539062,112868.492188,14971.971680,104521.429688,87022.414062,122338.617188,65328.101562
25209.044922,4633.094727,20664.320312,100051.960938,65720.789062,106615.515625,79090.875000,49871.335938,74203.843750
37646.316406,104885.875000,59340.335938,44283.453125,7310.287109,50574.246094,94992.445312,75530.914062,15706.266602
63938.738281,45176.910156,35651.375000,59585.703125,40044.414062,57690.828125,4701.545410,29456.210938,72662.796875
109222.976562,116478.625000,71544.710938,51094.378906,18230.976562,76177.804688,71758.695312,118282.929688,18441.900391
54917.515625,73917.117188,68313.234375,5664.659180,111563.429688,49742.417969,65005.000000,32390.181641,57052.703125
115579.234375,3925.924316,9126.913086,7828.807617,67864.664062,54303.824219,43480.183594,3993.669678,94348.234375

10,8
8695.214844,347.748627,50377.109375,117918.187500,116826.382812,121921.820312,45555.863281,11600.657227
74642.929688,117314.562500,6426.891113,93084.835938,48775.375000,80344.007812,37941.371094,54440.035156
68450.734375,87683.781250,119445.031250,100840.921875,21279.789062,111567.570312,104766.835938,30406.703125
119396.382812,49174.808594,84710.523438,39419.863281,53168.476562,55602.062500,17134.173828,61863.687500
55949.812500,67511.281250,56325.183594,49319.492188,65976.406250,101881.039062,60920.148438,17162.640625
95738.906250,67347.039062,110247.476562,21057.580078,24234.343750,24732.146484,75497.617188,92685.078125
112415.937500,71485.945312,70069.296875,10239.021484,59596.820312,51379.437500,40645.722656,55536.500000
100554.250000,1899.550537,94956.359375,30266.025391,57501.613281,112090.539062,92129.718750,113451.429688
56145.121094,24998.197266,39314.214844,122121.531250,3422.542480,100234.367188,15827.473633,99161.445312
44124.703125,2618.249023,120219.031250,68359.054688,27350.394531,72259.945312,37587.429688,16309.628906

8,11
15921.706055,102941.101562,45707.289062,105810.851562,35320.957031,72766.773438,11592.797852,49696.765625,110488.132812,78619.351562,5018.962402
72562.632812,32102.373047,33988.621094,64422.750000,105961.156250,1509.292725,64070.171875,36071.703125,43175.433594,109975.609375,34649.734375
19606.837891,10702.817383,95108.398438,12131.489258,62509.847656,70158.156250,36084.199219,68858.640625,39739.496094,52005.906250,48343.042969
85446.789062,34360.062500,83664.007812,34756.863281,45952.859375,9904.071289,21788.292969,1115.507324,14923.034180,94350.929688,33217.878906
48911.656250,35316.980469,15722.329102,50420.949219,99387.156250,51794.031250,93596.382812,85906.062500,86443.765625,113203.218750,96608.882812
58095.464844,1878.011230,35662.027344,4796.920898,37962.210938,104520.679688,44536.414062,89968.109375,29407.021484,6526.499512,871.475647
113071.023438,41283.363281,46824.332031,122975.093750,63071.652344,47939.839844,14441.429688,33965.882812,81157.718750,63353.082031,69282.867188
96880.046875,113774.039062,45213.316406,25217.378906,83913.718750,7662.677734,111661.140625,73660.242188,104271.562500,46299.906250,75538.250000

11,8
51096.828125,113500.468750,120997.562500,95633.242188,80011.875000,26947.884766,102159.742188,80883.359375
16562.207031,19986.406250,4250.986816,16080.602539,83058.062500,52190.828125,30522.033203,117023.945312
9891.847656,93875.117188,62850.109375,106771.890625,84192.445312,108063.421875,8532.575195,44649.468750
115726.101562,120193.718750,118309.710938,96540.960938,43036.925781,70391.257812,113017.843750,94133.750000
60435.027344,110558.710938,66310.296875,16990.201172,14049.893555,45013.339844,97873.554688,30612.101562
64999.746094,102124.539062,46692.703125,24601.107422,30858.667969,77214.734375,18168.353516,40750.519531
47633.152344,81018.460938,24065.712891,8368.906250,65625.179688,32598.287109,53018.378906,57894.585938
29335.304688,47871.386719,30978.843750,72372.234375,118262.648438,20539.992188,43049.281250,55240.972656
7642.001953,109359.578125,72231.171875,21691.894531,30916.214844,46648.027344,52303.996094,95915.960938
25315.869141,98996.703125,120517.070312,56174.535156,52754.738281,15228.717773,96925.054688,100387.890625
96247.179688,120990.765625,108756.796875,38415.664062,30132.353516,38318.472656,96310.250000,59467.656250

12,12
94679.976562,5260.221680,51254.625000,93436.335938,39955.031250,9660.517578,12030.938477,76233.085938,118159.117188,6190.656250,85413.640625,115283.203125
83087.492188,39391.976562,106587.117188,76762.023438,55289.734375,87172.273438,65051.808594,53627.250000,107666.929688,15703.510742,16202.444336,94078.765625
52595.578125,66221.570312,29751.035156,66108.375000,46988.277344,92647.617188,32060.468750,18211.552734,97907.843750,83315.101562,111647.890625,14406.171875
92975.617188,222.129578,90639.257812,87678.031250,6412.786133,52596.207031,79504.531250,89500.273438,91988.187500,62634.949219,42805.601562,23821.218750
26350.527344,107857.406250,77448.468750,10560.764648,104.216072,93650.914062,104639.531250,52699.792969,36415.781250,10933.871094,118808.164062,83404.062500
103581.484375,27411.939453,101615.617188,78032.632812,110727.031250,89806.804688,92438.804688,80245.945312,90028.929688,59621.363281,44467.281250,96441.726562
112217.570312,515.114441,62485.300781,80749.054688,63150.066406,105290.898438,104570.265625,89500.593750,89691.601562,58562.035156,100061.359375,89795.820312
28756.246094,81244.195312,19038.914062,65172.023438,92178.070312,14390.383789,25119.388672,72302.851562,41802.320312,3278.302490,26878.789062,29072.658203
93085.109375,119317.593750,109318.609375,59657.343750,55482.253906,30329.185547,32642.363281,44243.125000,30844.298828,95127.664062,1535.477905,93994.367188
76961.859375,106105.750000,60038.261719,43196.757812,41211.085938,36642.921875,9535.876953,69967.335938,117887.117188,28574.791016,11682.656250,86608.484375
42965.175781,36802.042969,35454.640625,84767.500000,40080.347656,62333.433594,113840.156250,9708.754883,58194.324219,99702.062500,69366.101562,113676.578125
6574.548340,102008.460938,34463.003906,37418.847656,73679.421875,35998.480469,7956.516113,27184.576172,18647.531250,67994.781250,70381.335938,59858.617188

13,12
79917.210938,6369.245117,99068.117188,108492.000000,18051.900391,62219.902344,28000.478516,54853.945312,97674.546875,112767.976562,94934.296875,36551.277344
103151.437500,104643.054688,94745.601562,79396.796875,50552.445312,84965.484375,85971.343750,29104.207031,119428.492188,123390.195312,102783.625000,31970.271484
7890.010254,6511.503418,50617.800781,75884.789062,76892.843750,110476.421875,57065.792969,33353.351562,116845.664062,32677.210938,18388.654297,11440.865234
94897.109375,46389.132812,66294.812500,69114.960938,35700.410156,37772.406250,105666.242188,15395.144531,18958.755859,76955.148438,94791.945312,69511.203125
38463.929688,57306.585938,98615.406250,34435.718750,57240.078125,77942.335938,66405.984375,65130.085938,84453.843750,117023.796875,17558.179688,37889.980469
104043.507812,74623.968750,71243.328125,97432.476562,107301.179688,89631.984375,108873.335938,78741.593750,12564.416016,51711.449219,24399.855469,48264.824219
89483.859375,6609.396484,63659.972656,108442.609375,83564.539062,34995.210938,54497.117188,122028.468750,92301.804688,29655.826172,33007.488281,26085.181641
107598.156250,99413.476562,91215.265625,68595.296875,92980.570312,108773.453125,106485.281250,73567.382812,59940.718750,54271.910156,47543.156250,43785.199219
20447.193359,32959.800781,122526.789062,33011.605469,84671.250000,23469.945312,81276.437500,50698.406250,30079.339844,21479.708984,35684.320312,113643.882812
56474.921875,90181.437500,112215.656250,25320.021484,119837.265625,21766.445312,51405.199219,103978.726562,121179.921875,19163.773438,49117.328125,90703.796875
4480.523438,32145.906250,40814.484375,64421.242188,86417.812500,88357.640625,108206.445312,106865.007812,121317.437500,107276.531250,16419.917969,82531.992188
7289.774902,97696.359375,9773.693359,37369.117188,119176.062500,45458.011719,27556.300781,52194.281250,12182.750000,16315.254883,77514.304688,8563.312500
38081.699219,5462.806641,112542.039062,35804.925781,24626.580078,38202.664062,3052.020996,29107.103516,70348.570312,43866.503906,93528.343750,33309.687500