3,2
36553.320312,100044.156250
54586.746094,26177.480469
43715.238281,35335.132812

2,3
94622.609375,105813.226562,61729.667969
1829.190674,62060.656250,113423.039062

8,11
15921.706055,102941.101562,45707.289062,105810.851562,35320.957031,72766.773438,11592.797852,49696.765625,110488.132812,78619.351562,5018.962402
72562.632812,32102.373047,33988.621094,64422.750000,105961.156250,1509.292725,64070.171875,36071.703125,43175.433594,109975.609375,34649.734375
19606.837891,10702.817383,95108.398438,12131.489258,62509.847656,70158.156250,36084.199219,68858.640625,39739.496094,52005.906250,48343.042969
85446.789062,34360.062500,83664.007812,34756.863281,45952.859375,9904.071289,21788.292969,1115.507324,14923.034180,94350.929688,33217.878906
48911.656250,35316.980469,15722.329102,50420.949219,99387.156250,51794.031250,93596.382812,85906.062500,86443.765625,113203.218750,96608.882812
58095.464844,1878.011230,35662.027344,4796.920898,37962.210938,104520.679688,44536.414062,89968.109375,29407.021484,6526.499512,871.475647
113071.023438,41283.363281,46824.332031,122975.093750,63071.652344,47939.839844,14441.429688,33965.882812,81157.718750,63353.082031,69282.867188
96880.046875,113774.039062,45213.316406,25217.378906,83913.718750,7662.677734,111661.140625,73660.242188,104271.562500,46299.906250,75538.250000

11,8
51096.828125,113500.468750,120997.562500,95633.242188,80011.875000,26947.884766,102159.742188,80883.359375
16562.207031,19986.406250,4250.986816,16080.602539,83058.062500,52190.828125,30522.033203,117023.945312
9891.847656,93875.117188,62850.109375,106771.890625,84192.445312,108063.421875,8532.575195,44649.468750
115726.101562,120193.718750,118309.710938,96540.960938,43036.925781,70391.257812,113017.843750,94133.750000
60435.027344,110558.710938,66310.296875,16990.201172,14049.893555,45013.339844,97873.554688,30612.101562
64999.746094,102124.539062,46692.703125,24601.107422,30858.667969,77214.734375,18168.353516,40750.519531
47633.152344,81018.460938,24065.712891,8368.906250,65625.179688,32598.287109,53018.378906,57894.585938
29335.304688,47871.386719,30978.843750,72372.234375,118262.648438,20539.992188,43049.281250,55240.972656
7642.001953,109359.578125,72231.171875,21691.894531,30916.214844,46648.027344,52303.996094,95915.960938
25315.869141,98996.703125,120517.070312,56174.535156,52754.738281,15228.717773,96925.054688,100387.890625
96247.179688,120990.765625,108756.796875,38415.664062,30132.353516,38318.472656,96310.250000,59467.656250